weak model on training dataset (human36m, skipping every 10 frames):
PCK: 0.8536044359207153
PCKh: 0.6444602012634277
PCK3D: 0.5813474655151367
Error: 222.9152013988484

weak model on test dataset (human36m):
PCK: 0.8015619516372681
PCKh: 0.6006943583488464
PCK3D: 0.491949200630188
Error: 643.1589172727085

SSL model on training dataset (human36m, skipping every 10 frames):
PCK: 0.7684500217437744
PCKh: 0.5181978344917297
PCK3D: 0.4107300639152527
Error: 374.22919621309734

SSL model on test dataset (human36m):
PCK: 0.6899312138557434
PCKh: 0.43723100423812866
PCK3D: 0.29071930050849915
Error: 691.6374885667524
